-11.72193988  
-12.71229404  
-47.93352499  
6.812783145  
-29.90129534  
-36.55962558  
-26.08124433  
-39.89594573  
-69.97442912  
-42.22524131  
3.669587864  
-11.84545978  
32.09079463  
-15.50277808  
68.81179433  
-38.75011138  
-58.21372175  
38.73039592  
-84.16822848  
-64.60695025  
-14.28116993  
94.3487706  
-43.19047744  
-37.02131694  
-26.64803042  
75.19839143  
77.33799315  
-35.07328451  
-40.22613899  
-15.10089232  
28.57061465  
103.3473654  
67.72488035  
78.56320128  
70.76346507  
-25.69250217  
10.31942596  
24.85776517  
16.71674762  
18.35601596  
16.91447256  
36.92118426  
