10.14871961  
-1.871639885  
-8.631960908  
11.01962051  
18.0000579  
-26.60427417  
-51.26820938  
6.463225141  
29.79486145  
-32.55960909  
30.08756182  
-16.32423408  
-36.68217528  
31.28066469  
-39.93410123  
-76.69278628  
-1.97829543  
21.81352294  
3.226374224  
2.326228549  
-63.76410279  
-54.37159465  
-17.44589046  
59.36287379  
0.7048040876  
76.84841083  
59.1968262  
44.39556004  
-19.82345101  
-3.648234086  
36.22457939  
5.357286598  
-9.316714844  
34.27458601  
-37.99071759  
-15.05107566  
138.5353023  
-6.958473947  
40.06115583  
21.28034019  
-38.32579204  
5.623321098  
