21.03398957  
-61.34460942  
-381.5884361  
2.921198459  
-51.11613661  
-41.50003544  
-4.840187149  
201.9918986  
-66.26427532  
-85.71270054  
3.397241097  
30.96476611  
-75.96749921  
-51.12688782  
8.5930095  
-133.0445468  
59.18816828  
21.196728  
-18.90145174  
1.131966896  
41.99223788  
152.9977865  
-23.34602822  
-18.885389  
-17.97049745  
-57.0460898  
-122.882372  
-52.96946769  
-112.8332285  
-128.5926817  
-37.11256338  
2.129184595  
-404.0007061  
-31.91223557  
-141.5592356  
-120.3286123  
-107.1764934  
9.686139368  
70.18462474  
-162.2659388  
-30.72328544  
-19.70124598  
