16.93051668  
11.28589788  
-56.13434182  
12.67595775  
26.54448554  
-71.31336973  
-28.84179774  
24.45000014  
60.13572887  
-51.25311433  
16.40509077  
-39.23767925  
-67.68113172  
70.34185992  
-102.5241882  
-84.90621792  
-82.34447702  
22.92576531  
-32.72466613  
-39.72164497  
-35.17834511  
52.99693777  
-33.06944934  
59.77019955  
-1.805980237  
59.78765872  
67.28587993  
38.79159936  
-44.96623647  
7.314371321  
45.85933725  
-20.08730768  
-30.05875636  
107.7552693  
19.02096361  
-35.70977234  
154.4555924  
38.86690764  
51.09206975  
-27.00728001  
-12.65672745  
-21.41445272  
