14.17673834  
-57.30429041  
-253.778225  
4.685442351  
-36.51201395  
-10.60147402  
-22.71017418  
-33.92674196  
49.48854203  
-51.74973151  
-16.62937235  
-9.908555486  
-34.12276211  
-36.57390534  
7.717864106  
-19.07643119  
29.35891944  
33.57158604  
-34.62376131  
21.72645022  
39.19706128  
91.88059269  
28.5667933  
7.848360589  
-12.19799751  
-16.43785278  
-44.64188738  
-5.258207414  
-41.11595009  
-1.502600084  
39.48923823  
-27.49831608  
-121.6281637  
24.77950145  
-7.292848931  
-18.17174945  
66.37164286  
-31.7857541  
5.748857046  
-63.43033114  
-11.85469482  
-34.57753944  
