36.36813599  
-32.21774131  
108.7576241  
-0.04845574075  
-20.04024509  
4.723069939  
6.041248293  
1.214326564  
-5.49588634  
52.19583933  
-11.85584324  
11.10176483  
-14.09907861  
2.978219657  
-7.408177877  
77.17512711  
-28.00595947  
-8.155316857  
-35.79198511  
6.557464978  
26.40394527  
-1.987160268  
-2.173822877  
-7.819630295  
-0.816858595  
-5.43842949  
24.84256899  
15.73472328  
11.06000325  
-30.31368911  
26.33109849  
41.71186782  
53.8145995  
-9.362357402  
-42.89216896  
-54.29788556  
-37.79452562  
-25.9007089  
-8.190187356  
-30.02101792  
-5.609039845  
-32.02093109  
