-133.5450986  
5.847589498  
-44.37668066  
-9.037004936  
-27.26165937  
13.98350174  
-98.42711696  
-65.20052377  
-65.95063922  
-46.15361149  
-38.55985603  
-37.44947351  
-63.28606682  
13.02874623  
-21.22158869  
-124.5492533  
-132.5645858  
-44.18992445  
76.47225021  
58.87009546  
2.369994164  
-8.74965745  
8.223325324  
-47.71159283  
-26.09103943  
-146.3556615  
-63.23780879  
11.08972436  
-14.90351338  
24.91651804  
-101.0165083  
-34.77150361  
20.1333881  
-32.04781904  
-29.27569111  
-10.057381  
-2.934480368  
-66.81547242  
-1.668170345  
-77.01091092  
-53.0548914  
-18.90139393  
