-39.52888367  
-125.0744269  
-41.52789391  
109.8282021  
-27.38199761  
-2.870470594  
84.72165767  
178.2209588  
-19.1948468  
-145.7133785  
-21.06885411  
-23.17381377  
33.23538878  
-41.33502841  
-6.121909072  
-170.84163  
-61.27246843  
-40.18924239  
60.05369897  
-10.00651698  
0.9768285307  
7.964092828  
-62.22868863  
-52.03947917  
84.37082  
-124.9536914  
-32.18017713  
-45.34815968  
65.29214794  
-39.25573901  
-64.81081577  
-88.70512761  
-53.9367701  
-26.21137841  
-99.7226857  
12.74689159  
-13.38741045  
-77.83700162  
42.97342611  
1.337573308  
25.56655724  
32.63983429  
