62.65086895  
-105.1048444  
-411.5927977  
-41.27134611  
-38.49740642  
-27.48725913  
9.501907718  
-24.99820631  
43.40088452  
-22.69882089  
13.17998346  
-16.84186607  
-21.76999693  
-49.85360458  
34.62622765  
-38.02816952  
54.194437  
35.21661531  
-54.59647677  
17.82277898  
43.05549641  
138.5508474  
1.397307021  
-26.08369006  
19.72500375  
-15.04142854  
-44.75641875  
-0.2385683761  
-70.46149243  
-36.95369373  
-18.39084512  
47.164893  
-254.8257696  
15.52563736  
-55.1176121  
-138.8889863  
-48.27385165  
-26.5834076  
-3.869282825  
-35.60982325  
-2.226694675  
-103.0635902  
