66.38070923  
-139.3083725  
137.4453819  
-7.332885596  
-26.31860259  
-2.965745932  
41.40530308  
-17.2489773  
-48.04923591  
66.85071847  
-13.56288771  
-2.138743655  
-45.40527906  
-3.672967013  
11.71142033  
116.2868547  
15.41085145  
8.877982237  
-70.51253909  
-9.213639323  
-9.82113798  
48.24800615  
8.072885194  
-45.67293921  
1.640921761  
-37.54249454  
-23.51399137  
50.38973633  
-10.22653191  
-63.47325691  
30.36227402  
-2.257844558  
88.20945562  
-20.54956683  
-34.97526478  
-99.75846604  
4.848526241  
-40.44376094  
-44.75551432  
-36.04852904  
7.815849417  
-23.59825948  
