-7.699191917  
-53.53788624  
-125.1606366  
-17.68018739  
-69.88831213  
-33.62116492  
6.932229179  
53.44562727  
-97.47227353  
-29.18076643  
-30.69777642  
-16.29590791  
48.21137812  
35.70015682  
56.92479166  
78.19565124  
-48.67938582  
11.92791085  
-38.77059394  
-60.39529258  
73.05733261  
92.27395807  
-78.41850292  
23.59452533  
-134.1557359  
-49.4300775  
17.47121164  
10.99993705  
-49.25975577  
50.80171709  
14.75712482  
32.14515395  
65.22343706  
-40.46320796  
6.052793961  
-35.5200229  
6.143409582  
-18.67375454  
25.50546108  
124.2193308  
-43.66483478  
-34.05003234  
