-13.42088899  
31.09429401  
-83.7131961  
-33.33239586  
41.85301549  
-61.74725767  
4.76318614  
-23.35946632  
43.0578479  
-35.37671799  
12.35659243  
86.04221648  
32.91252004  
1.831834677  
-18.13882135  
4.452317264  
-67.22243259  
69.78068679  
-12.76690754  
73.81853237  
74.66235356  
-70.65076802  
-20.55381531  
43.34452398  
-8.409442475  
67.92325133  
52.37645695  
8.934612431  
10.58411931  
31.75933961  
-41.60047162  
-14.88059234  
-19.24947248  
-18.92039052  
-86.87010981  
80.43548721  
18.08656622  
74.47781335  
-42.99731168  
-54.36188073  
-5.025506456  
11.15918574  
