9.122833819  
-11.0905999  
177.9582303  
-3.497284211  
-110.5132004  
27.55531462  
-10.84563416  
28.74461312  
117.2182708  
36.77677762  
-29.185679  
-15.18479982  
-16.83854046  
34.23082923  
-62.55414874  
-45.55276152  
21.38424305  
44.50391923  
-71.98763362  
-19.54622052  
-75.66028754  
76.09641239  
2.704801089  
-21.07202734  
-30.93089594  
-10.95788045  
11.43077322  
55.95487763  
-21.20887064  
12.53994889  
23.04717227  
13.58982245  
-44.53713677  
-43.61019604  
-124.165309  
4.001413208  
-24.44337707  
24.74657847  
57.04995843  
-41.21876567  
-31.59561733  
-113.1778924  
