121.2080626  
-127.6974579  
-214.7932685  
-72.54356399  
41.517383  
-41.37429514  
3.879944402  
-235.1140102  
-101.0865744  
77.25922572  
-24.37594848  
-55.49056727  
-16.27145571  
0.7754445254  
-1.170459516  
-110.9764264  
-9.447134574  
-24.56502372  
15.55774095  
-74.26235104  
19.35533472  
107.1968173  
-63.79490193  
-116.0187606  
2.075225418  
-37.88089634  
-97.90473784  
-89.13739979  
-27.27299199  
-24.51892194  
68.87433691  
109.9568357  
-72.92134538  
24.06673644  
-15.69880838  
-106.3249326  
-86.26347652  
-1.667704414  
0.8853858123  
-87.099575  
-15.95098208  
-33.23584839  
