-41.61687941  
43.76023456  
30.00436175  
44.19254465  
-12.61872993  
-14.01277624  
-14.34209446  
226.9901048  
-109.6651599  
-63.01387972  
-9.782742132  
47.8066323  
-54.19750213  
-1.273282993  
-26.03321802  
-95.01637788  
4.993731503  
-14.0198874  
35.69502484  
-16.69081218  
-1.06325837  
14.44693938  
-24.74333511  
7.198301125  
-37.69550146  
-42.00466117  
-78.12595329  
-52.73089927  
-42.37173626  
-91.63898807  
-18.72171848  
-45.03570821  
-149.1749369  
-47.43787287  
-86.44162357  
18.56037388  
-58.9026419  
36.26954682  
74.05390739  
-126.6561155  
-28.49659072  
83.36234405  
