-7.211659894  
15.97339027  
65.82494275  
75.88836903  
-67.37880532  
75.20106585  
-35.83294407  
59.26430018  
-19.86854773  
-25.73903282  
-5.456676398  
20.76327659  
20.60538695  
9.40292399  
48.53582175  
-77.37177056  
-82.92673713  
-10.87850278  
-11.63462238  
25.27124235  
-72.35822076  
64.5297309  
-117.078214  
-4.181774175  
19.49324714  
5.454173684  
-61.95790926  
1.605683857  
-45.98546506  
-66.37934908  
-11.75715445  
51.81699971  
-53.97417768  
-16.42209823  
47.84681061  
61.22068113  
-49.96062475  
-33.68432085  
20.33111658  
40.52115912  
22.8558957  
-34.20982589  
