83.31122581  
-128.0224748  
81.31104017  
5.343071933  
0.2258833319  
-74.27911522  
12.56350541  
7.201022892  
12.08649281  
15.59760397  
2.842202949  
-41.37642268  
-113.0864109  
66.66889308  
-90.812768  
31.38063713  
-66.93362567  
31.80374743  
-103.2372054  
-48.93528438  
-44.99948334  
101.244944  
-24.99656408  
14.09726005  
-0.1650583863  
22.24516389  
43.77188873  
89.18133554  
-55.19276836  
-56.15888569  
76.22161112  
-22.34515222  
58.15069899  
87.20570227  
-15.9543011  
-135.4682389  
159.3041185  
-1.57685348  
6.336555347  
-63.05580925  
-4.840878077  
-45.0127124  
