12.05768983  
70.99066759  
63.51322512  
-85.89934032  
-42.98621061  
-105.3291229  
-74.92718423  
31.46281875  
105.8904362  
22.78710941  
-61.09965831  
-109.5552858  
8.290017535  
63.70634169  
-46.55219362  
-51.66422185  
6.063960141  
-25.8010369  
2.686655782  
-18.0271184  
-25.25892176  
42.28524461  
-29.3247087  
18.80749647  
13.35621763  
-29.92913958  
54.96833212  
-18.27646155  
10.37232274  
12.59485341  
-66.81358125  
-29.69266583  
44.1847562  
118.7458366  
26.22167754  
-68.57615948  
27.78855528  
1.369020742  
35.09948061  
-46.28521205  
92.98379944  
65.11134698  
