-34.67749984  
2.668676865  
-11.83580669  
50.33713362  
-70.42537046  
-0.8696400645  
71.97456475  
89.43323237  
1.799696266  
-12.02518965  
-45.3081805  
-8.8760015  
-8.191497832  
12.51500885  
-84.37929107  
34.43092192  
-94.94678701  
-6.903358155  
-9.072230479  
-30.13956391  
-57.9781511  
44.62989587  
-37.36398125  
34.06441674  
-55.85077474  
-44.27610323  
-56.31550138  
52.99615345  
3.846185814  
34.13387434  
-22.78347432  
31.4152498  
-97.66731211  
44.71629955  
-57.36680398  
-52.95396774  
-45.57269021  
-1.534198934  
-1.363009143  
-21.82752364  
-60.74490073  
47.28305559  
