-44.34120051  
-38.9260202  
20.51686416  
-59.19028892  
-129.2520093  
113.0670741  
0.4205288894  
21.46893674  
-48.72388778  
43.80519258  
60.94719945  
-45.41359046  
-11.11436743  
-22.19521521  
-1.656660756  
49.14113924  
-27.31749988  
37.42211854  
-80.09607563  
48.34571929  
37.27255775  
-42.51998374  
65.72749781  
16.4908673  
-55.98648304  
-187.3629073  
-26.42306963  
23.9735323  
-116.4270005  
-56.80998479  
70.3739204  
26.59764366  
-0.7159889515  
-78.07614419  
20.61570131  
-149.8864589  
28.34130817  
40.13502926  
-58.29605144  
-53.19086011  
-27.62882708  
48.33353479  
