111.1604574  
-15.11160185  
11.5722146  
6.782444782  
83.39313085  
2.835204522  
102.5641218  
82.96466925  
-28.65623875  
-161.3155576  
168.7847267  
-53.99077141  
-94.0840365  
-6.188515858  
4.812596685  
121.6050459  
-67.87081322  
-1.868460722  
-20.36188649  
11.38290606  
-54.07115577  
-108.2229531  
-2.992422171  
-92.91212163  
-1.866702021  
16.09391231  
48.93429836  
-86.56849739  
-16.69800684  
2.592374733  
-57.86516497  
29.36891809  
112.0610119  
-51.79183742  
81.82007514  
81.33409762  
-41.69319919  
-55.43660369  
-104.6654772  
-69.54606444  
-89.14440016  
128.2267139  
