27.36701752  
18.16296035  
-36.47506909  
30.56156872  
-44.99779984  
11.36282046  
10.66037454  
152.2507147  
-60.4987783  
19.46823842  
-31.33409547  
-13.49725555  
-41.26138902  
15.56639649  
-14.62849752  
-34.71250202  
-5.906483556  
22.82008527  
10.78516884  
-10.11109556  
-11.71919508  
-7.786527873  
-0.6888562368  
20.23985178  
-15.44043202  
-151.9961976  
-80.10181426  
6.932198441  
2.2593385  
-46.96504543  
-10.04249851  
-40.04854137  
-71.61668312  
-21.03178481  
-42.43426277  
-27.12550322  
-77.90351246  
19.76470445  
19.59987907  
-96.39808555  
-11.99338901  
60.41803676  
