57.27028531  
-100.2553002  
-122.3388084  
17.54257245  
-67.10038905  
91.69686472  
16.26042902  
-51.74073733  
-40.18368518  
-25.36075658  
3.566806438  
56.39608819  
-86.44344838  
-18.42790783  
45.10939755  
16.09759318  
21.46511224  
-5.26157158  
-20.57472212  
38.53770299  
48.13289419  
-15.50727364  
-13.05705598  
-1.873152678  
41.31662238  
-20.11745535  
-21.63179873  
-72.57345841  
-40.4881709  
-73.76711527  
-69.58698721  
-24.01307835  
106.4229915  
33.08775171  
-98.78991458  
-96.29561658  
-3.290666364  
-3.17264616  
-5.379185063  
-53.52614795  
35.64044002  
-74.57975751  
