-70.54212595  
-146.3970238  
-88.40878739  
32.32708616  
-96.53778067  
-82.54290995  
-37.39845618  
106.071373  
-148.3228367  
-120.8413733  
48.21875299  
13.69095084  
-32.8921776  
27.79354802  
-6.363192036  
-45.21162758  
-5.665567386  
51.30336612  
4.551900195  
-5.300268293  
72.68321603  
142.9844476  
-40.51624248  
-42.24314732  
-28.11113038  
-76.4311469  
-44.58255432  
-33.77142132  
-98.78698005  
67.27845711  
-18.8066821  
55.81325551  
-22.80427318  
-20.48841085  
-73.34330606  
-34.47178755  
144.955751  
56.96546737  
43.9232233  
87.53377448  
69.1118565  
-2.456421875  
