45.14022587  
-138.8284943  
-602.7642161  
-98.35271844  
154.6660475  
-57.82389444  
185.3144972  
-191.5068893  
-140.4707788  
73.63112985  
-118.1725758  
-58.21901809  
22.28826102  
-51.58706678  
132.7091619  
195.4405837  
89.97779901  
-31.47370966  
-132.8785695  
-62.56693414  
38.29395526  
-0.2804374078  
-157.1889273  
-34.77047725  
-49.3166837  
56.83825023  
18.8937184  
36.05324706  
52.94462343  
26.83449382  
47.9531011  
314.7827661  
-324.851181  
-80.96726455  
-207.9685247  
-378.1841963  
-90.88685002  
39.73773314  
-65.71933596  
-194.5046212  
75.51505763  
-237.0396131  
