-211.5079585  
2.766432644  
-175.5080397  
40.0715562  
-139.9820292  
-106.4467142  
-208.1141158  
86.12488463  
-193.4840203  
-104.2899064  
64.95900503  
-57.96301145  
92.80919789  
31.18964605  
-127.7010764  
-357.4137135  
-72.4583857  
-59.47330154  
129.0907039  
-172.2420953  
-7.258556673  
21.57730282  
-7.368969476  
37.42713465  
-266.4355199  
-205.0461976  
-81.0763168  
-178.0290139  
88.41764635  
-166.4918564  
-30.96625438  
158.9568087  
-188.5525987  
-62.20859875  
-457.750959  
110.8112721  
66.31214203  
-1.776011613  
156.476621  
-254.8965628  
-29.20509894  
7.753472309  
