-9.258033482  
-156.7442034  
-701.8201323  
-114.140792  
-1.371005723  
-153.7855061  
11.45064361  
-170.8583014  
-125.6719402  
5.35235387  
10.87192117  
-113.2857636  
77.02719219  
27.59711112  
-55.62903851  
-169.3116933  
26.15816033  
-43.60924146  
-53.80668607  
-114.790403  
83.13481171  
-13.21998325  
-93.32404653  
-29.45130306  
-161.0944128  
66.45066706  
-64.68781633  
-63.66279885  
45.09194897  
-141.0096725  
22.94230033  
332.3703855  
-371.1297031  
-177.9768511  
-501.3097905  
-148.6126821  
-48.06886371  
11.12216242  
-39.89129422  
-403.3372326  
64.49525219  
-104.0669931  
