20.44880691  
21.989037  
36.2163524  
-2.977477474  
9.730378568  
43.79792378  
-19.28462908  
8.981523778  
66.3643322  
-41.62408823  
36.85879672  
54.76885069  
-16.60769392  
20.18108528  
47.81204715  
76.29525404  
41.11711061  
2.38696783  
-23.09913952  
-6.759327862  
-47.41092604  
-100.0959086  
-11.13401272  
24.83572418  
165.2790762  
-63.17353621  
8.323805745  
-2.400084824  
-44.98278103  
-104.1492222  
54.3850956  
81.11589418  
10.90153013  
-45.6130318  
-86.61663405  
-38.18992359  
100.9958546  
27.71483715  
51.58716685  
10.45314966  
-15.35282679  
-23.51413282  
