-79.59204857  
26.7459788  
-97.33417838  
-21.92919228  
62.11083521  
-132.9076833  
19.64048152  
122.0694758  
-67.74585076  
-141.6738954  
29.90117479  
82.98047149  
64.74542513  
-41.86059623  
-44.47514405  
126.2003433  
-195.7445869  
-63.01610128  
-141.6123534  
-33.94601363  
-27.45195024  
-137.5333578  
87.2324098  
3.689337043  
56.79049983  
115.2456001  
-43.01595982  
-62.64204682  
-28.22772013  
29.07338944  
-91.64647023  
44.91501527  
9.432734396  
-54.01975887  
174.2246167  
280.1651879  
-16.74882428  
16.06096174  
-32.22393467  
-8.392283687  
-87.50556246  
81.57491722  
