-32.23222655  
-47.70120041  
-71.88251652  
30.82611942  
-76.28981835  
-268.2050589  
36.55672558  
-23.68787245  
-189.2785042  
-55.82031254  
14.95536968  
23.83830314  
-98.30180246  
-73.99108581  
77.40609515  
-18.85323688  
-85.59124358  
49.58773857  
-145.0316276  
-10.77590095  
-19.72442874  
122.2061827  
-51.57764372  
-94.44254749  
-4.977920456  
-20.29615537  
7.361372627  
-113.8966655  
-92.85500508  
18.4197005  
-80.94515037  
139.6743478  
38.89805595  
187.3091984  
32.9540126  
30.38397859  
17.68243215  
17.26693447  
21.00335891  
35.60403652  
-88.63086639  
73.13613831  
