64.50936144  
-86.56917354  
97.46578443  
-59.43340971  
-44.60782287  
40.75707732  
83.60276497  
51.97605755  
23.6469235  
42.8932011  
-39.72652387  
2.395678415  
-51.09807667  
32.18076895  
2.979831906  
25.00210038  
100.5731713  
-31.43939436  
-51.95094676  
-84.20731822  
33.53053065  
71.03291193  
1.57846093  
-18.35149783  
18.25699947  
-80.67307507  
88.7982006  
29.55519786  
-46.7504611  
-27.02961012  
83.48134601  
25.76272057  
14.02899058  
-86.47121872  
-96.41025222  
-275.4866218  
-11.08962848  
42.7817079  
-101.7518282  
0.6906806951  
-9.171476852  
-13.49383375  
