-17.49867907  
66.06026791  
-45.42046123  
-91.75654929  
31.31929184  
-30.64094957  
-59.42640928  
-18.36876802  
125.5436034  
-170.8685765  
32.67582409  
40.75717675  
83.1047916  
-6.626339817  
65.12515249  
11.97586488  
-1.344657354  
-65.97060985  
-68.57483418  
18.29989071  
-104.9113492  
-16.57470954  
-40.38553494  
39.8196353  
167.2673877  
55.6858993  
-45.94216145  
-30.48900188  
4.405484342  
-19.91500607  
-12.43323031  
99.09883482  
-45.0037222  
211.1382034  
12.02958433  
-35.08366939  
113.5913846  
47.05968189  
25.49741481  
-12.68309485  
37.81819213  
-55.35478008  
