341.5540453  
-124.3150098  
-365.7775379  
-18.03498887  
95.85556444  
-91.31813106  
16.76555451  
-212.8952136  
-83.67695149  
-47.62526097  
19.60847658  
-14.24559076  
-2.241400637  
-9.59302237  
41.17999852  
-172.6706033  
10.41303251  
53.99109406  
-70.60062631  
156.5457494  
72.47246586  
-133.3859932  
46.81990883  
17.20242366  
50.28836498  
162.2101401  
-181.9588558  
-128.6900886  
16.06227329  
117.5121843  
19.15004509  
-99.20822353  
90.32795322  
-135.99038  
79.80186386  
-22.57307671  
7.239525279  
-24.08450522  
-74.58414916  
-177.4103464  
39.08791126  
6.298010487  
