-10.71671521  
59.76180897  
-42.89233719  
24.60112947  
41.6447805  
-105.9382397  
-149.813135  
43.17001279  
-20.00573717  
-61.69539514  
53.39694116  
5.93813382  
45.39634454  
8.008437818  
-50.00132279  
-208.9344448  
-0.3253317396  
16.28598817  
-18.56275066  
95.11131646  
-26.65591643  
-75.41028481  
3.822072267  
96.33702947  
115.0177979  
23.65309531  
11.5541312  
4.705196155  
-45.57541833  
0.4187295788  
-5.516266403  
-40.67111841  
18.01312612  
150.4351485  
81.7971226  
129.5789548  
5.622258606  
-2.570497369  
42.75777761  
-142.4741041  
66.78375257  
83.51072407  
