-36.99389571  
57.91566069  
-35.0135134  
11.86966466  
-95.83294419  
-16.69094206  
18.54171352  
146.518146  
6.466214824  
-56.05742197  
-70.52718136  
-6.925958263  
-17.85056057  
46.24970941  
-143.583713  
51.93619967  
-40.47232256  
-25.51704844  
32.64552492  
-80.32030833  
-10.40218651  
52.672783  
-65.32429883  
7.105115707  
-69.7462141  
-55.49849803  
-64.07302314  
37.50856048  
-6.916114219  
71.93995847  
-34.04757913  
15.04848563  
-59.85075452  
24.7665487  
15.79540577  
11.62232668  
-61.72796004  
49.82895484  
-23.52006848  
-39.93544896  
-41.63391214  
0.1338438563  
