48.51673094  
-13.3098868  
131.6354926  
-1.866508483  
-87.86869945  
47.39325564  
-20.45080244  
-1.411787911  
68.94312139  
55.21762751  
-25.95303369  
-64.97443254  
3.952657218  
8.758490313  
-30.17987731  
8.455929786  
20.09224117  
-8.929047903  
-61.054618  
29.29342545  
-29.12446475  
34.69194531  
33.93225035  
-16.44260012  
19.37717632  
29.85704697  
-12.7007071  
50.26572515  
-26.01270214  
18.44839389  
-12.34273464  
6.441683694  
-62.34254546  
-64.93132646  
-127.9561495  
77.7271175  
18.5375409  
1.936649838  
40.59592512  
-59.99696951  
-30.02162153  
-69.68176874  
