194.8501803  
-7.029360463  
-84.40481609  
6.216153896  
-48.51984764  
-69.81325776  
-53.35473598  
67.3432289  
-47.85981052  
66.03532591  
17.4854788  
2.044261317  
-16.41581467  
48.30695612  
-88.27774659  
-47.36067338  
-41.26954697  
-13.46232148  
27.90782526  
-69.30194985  
11.88532411  
-51.62918595  
-81.93722405  
5.75181101  
-1.381111852  
-136.4571228  
-57.36048739  
-28.54340326  
12.03771635  
-18.89979261  
39.9585837  
17.79939326  
-12.43031012  
15.56534146  
-124.5957849  
91.63804935  
18.82858214  
27.70747194  
10.16769909  
-114.9805994  
-19.23512412  
-31.60636567  
