-35.53441476  
19.48042097  
-204.3134252  
-69.74826646  
-53.78334367  
-115.7263524  
-31.83969224  
-167.7652812  
8.695987449  
15.00637938  
-85.99545556  
20.79566937  
16.15128273  
60.5404741  
33.94139255  
-115.888739  
118.7361868  
20.40469161  
7.709217675  
-14.50562581  
-65.44565848  
116.4902725  
-14.59518651  
-79.07466315  
-41.72111625  
13.48053058  
-136.9621889  
16.11436285  
-44.91888508  
-43.24028317  
-7.397512099  
-22.28956902  
-89.77820312  
-27.08771523  
-61.34694181  
-92.60224109  
-125.3723992  
-82.71856337  
41.38790855  
-84.83064089  
38.99285009  
-56.51368486  
