-18.4449444  
-17.93217974  
-68.11512267  
-34.57454014  
-107.0940111  
-107.9581891  
-104.0924227  
65.59919838  
-76.85772111  
-63.3162186  
65.90666141  
-63.8666731  
61.00395443  
14.95373013  
-106.7589926  
-211.96247  
-68.14048875  
-16.63743725  
49.62194576  
-96.72799714  
20.98637922  
-26.01082392  
-21.33157854  
-10.69009211  
-146.283984  
-72.55095455  
-46.85281384  
-91.83554663  
33.20333363  
-141.44793  
8.959384998  
106.9048989  
-94.16772733  
-2.112878229  
-312.00154  
136.6691748  
35.75784454  
-21.59640915  
69.50023973  
-218.6727925  
16.52260808  
16.63825177  
