121.4223216  
-192.6818991  
-185.2258692  
-64.98442137  
79.43629305  
29.59888598  
-9.501283836  
-48.30401347  
48.02228738  
-79.43297482  
80.43037734  
121.5703955  
29.33428595  
-7.729849343  
104.1074056  
78.81669341  
2.076277019  
-152.7898193  
-150.1632945  
36.81303044  
-89.52726438  
47.03530619  
-109.062875  
-80.1915439  
220.1900885  
-15.39938438  
-66.10655854  
-69.75337147  
-46.99699806  
-170.8053061  
-58.50568876  
64.30014763  
-47.33123014  
198.0205724  
-233.6585164  
-269.3008989  
160.0887809  
-31.63186943  
1.506358608  
-60.58282318  
31.07822875  
-166.9222976  
