-116.9216772  
-114.0992145  
-460.8389976  
-10.55594339  
-73.18677798  
-12.62601558  
30.29048085  
-47.95704112  
57.97310181  
-58.92620966  
-17.39848581  
-16.57248501  
2.159624541  
9.049084351  
-8.726427582  
-42.58493139  
24.89922608  
18.12217264  
-71.48435376  
-11.90294408  
10.7180842  
-23.56419266  
13.14035779  
2.481626013  
-19.79599678  
86.22810532  
-24.62949161  
-37.58794068  
29.7127918  
32.26789279  
59.71891661  
32.5412136  
-149.4137556  
-17.57997621  
-42.233803  
-56.59758033  
36.45580038  
-17.13924739  
-5.827754375  
-73.05136171  
-34.76468884  
-38.07851809  
