-98.38370827  
-266.4706078  
96.7774487  
54.84438626  
-52.25401588  
-80.30497943  
-35.13135019  
82.69299203  
-56.82398559  
-30.66870885  
-85.57852534  
105.1224326  
25.48030979  
-26.87933774  
-23.59859795  
-191.2966505  
99.93071729  
-10.24480695  
-44.76239471  
-103.0134245  
6.877829559  
18.03878751  
22.00067764  
-66.47876762  
-26.49152386  
-23.43417128  
-51.8924315  
-28.22116609  
49.07942092  
-102.8830077  
-100.8895459  
-71.86698467  
64.25838776  
-9.107554304  
97.56382343  
-36.65836557  
-8.657019619  
-18.13743374  
15.39482532  
-88.23864557  
-100.7085603  
-13.28066622  
