9.186910712  
-138.8120239  
-633.7050064  
-79.56625203  
105.7230061  
-45.82731762  
115.5430662  
-236.4575  
-48.81421911  
68.6685723  
-55.0347397  
-49.41908992  
16.02323775  
12.64338179  
51.12995334  
42.65077535  
94.29864905  
-26.97180393  
-103.4286333  
-18.06240625  
62.14843202  
12.79084112  
-71.99246965  
-18.76121054  
-14.81042948  
139.0016221  
-17.83500352  
28.17274825  
11.88861522  
0.4382574849  
13.98291583  
225.4654854  
-276.9619747  
-175.8639728  
-189.3082503  
-285.2818559  
-83.8267077  
32.71857185  
-109.3915325  
-184.6644379  
47.97264407  
-120.7052445  
