138.9210001  
-258.7421691  
-139.8054096  
26.77212791  
48.11700153  
60.2398345  
49.9251268  
-29.93524549  
-77.52131603  
91.43560061  
47.75455306  
80.81321805  
-53.77050631  
-1.103509537  
38.98225308  
66.84082851  
3.420934944  
-86.81920868  
-81.58846036  
18.51313987  
15.38408447  
63.61001601  
-68.6773408  
-120.0111792  
52.9227002  
-71.08528442  
-20.16439785  
-39.26437137  
-51.40248023  
-150.8903003  
-46.07245851  
-34.79868728  
-2.32750813  
-13.11763262  
-245.6880995  
-234.2172309  
46.4973969  
-78.69155052  
-23.99105653  
-47.8997282  
-6.739964249  
-111.5675173  
